
START


i 	 file 	 Durat. 	 Size 
1 	 58 	 3811 	 571994979 
2 	 3 	 5080 	 672395991 
3 	 6 	 1869 	 280848589 
4 	 7 	 650 	 97100563 
5 	 8 	 1092 	 161302511 
6 	 9 	 1038 	 155614419 
7 	 10 	 1208 	 181481529 
8 	 11 	 1337 	 200332517 
9 	 12 	 1449 	 217248005 
10 	 14 	 1086 	 161362979 
11 	 15 	 1088 	 163208471 
12 	 16 	 1291 	 193824473 
13 	 17 	 975 	 145273459 
14 	 18 	 1096 	 163991359 
15 	 20 	 1462 	 216786315 
16 	 21 	 1318 	 197975339 
17 	 22 	 848 	 127505591 
18 	 23 	 3217 	 483372485 
19 	 24 	 1457 	 218472757 
20 	 25 	 1098 	 164950205 
21 	 26 	 1240 	 185046281 
22 	 27 	 1006 	 151339219 
23 	 28 	 1017 	 151596581 
24 	 29 	 994 	 149363467 
25 	 30 	 3931 	 589496137 
26 	 31 	 447 	 66992849 
27 	 32 	 675 	 100699761 
28 	 33 	 800 	 119331111 
29 	 34 	 353 	 53153621 
30 	 35 	 278 	 42093219 
31 	 36 	 285 	 43086901 
32 	 37 	 186 	 28193403 
33 	 38 	 198 	 29891907 
34 	 39 	 301 	 45319805 
35 	 40 	 272 	 41024479 
36 	 41 	 133 	 20021661 
37 	 42 	 315 	 47312945 
38 	 43 	 164 	 24686711 
39 	 44 	 2206 	 331522883 
40 	 45 	 394 	 59078139 
41 	 46 	 400 	 59202503 
42 	 48 	 2005 	 296127301 
43 	 49 	 1123 	 168844009 
44 	 50 	 1212 	 182301871 
45 	 51 	 1151 	 172677225 
46 	 52 	 1329 	 198946037 
47 	 53 	 1093 	 164248301 
48 	 54 	 1240 	 185987799 
49 	 55 	 987 	 147823953 
50 	 56 	 1154 	 171036931 
51 	 57 	 916 	 136549959 
52 	 80 	 5031 	 752114873 
53 	 81 	 3343 	 478143179 
54 	 107 	 1432 	 214090916 
55 	 108 	 3185 	 478393447 
56 	 109 	 2052 	 308175393 
57 	 112 	 1582 	 237257176 
58 	 115 	 4718 	 708747944 
59 	 117 	 2371 	 354624003 
60 	 118 	 3504 	 525655639 
61 	 181 	 6077 	 827095629 
62 	 286 	 3544 	 528426431 
63 	 312 	 5001 	 750297396 
64 	 332 	 3274 	 491545181 
65 	 371 	 4249 	 638050039 
66 	 372 	 3245 	 487324109 
67 	 381 	 3740 	 442925241 
68 	 417 	 210 	 31082128 
69 	 449 	 3416 	 473897985 
70 	 452 	 4551 	 665090814 
71 	 454 	 3209 	 373636909 
72 	 457 	 4542 	 682254727 
73 	 485 	 1835 	 154215379 
74 	 568 	 1742 	 260748021 
75 	 573 	 112 	 17416055 
76 	 602 	 3964 	 515235929 
77 	 607 	 3226 	 291338917 
78 	 608 	 2686 	 269593375 
79 	 611 	 3247 	 483250035 
80 	 623 	 3418 	 512842725 
81 	 625 	 3572 	 422915025 
82 	 626 	 3150 	 369191341 
83 	 635 	 3483 	 515674081 
84 	 704 	 5762 	 865378141 
85 	 705 	 2722 	 306340563 
86 	 706 	 2049 	 225981761 
87 	 715 	 1887 	 236397033 
88 	 716 	 622 	 91560509 
89 	 718 	 2320 	 273276177 
90 	 719 	 819 	 121494793 
91 	 736 	 178 	 26827109 
92 	 738 	 1731 	 260050621 
93 	 740 	 1337 	 158499837 
94 	 755 	 1462 	 219734735 
95 	 778 	 1465 	 183052511 
96 	 783 	 5580 	 665266913 
97 	 785 	 1958 	 257311171 
98 	 786 	 1596 	 212811505 
99 	 868 	 1046 	 157145071 
100 	 869 	 1186 	 178189413 
101 	 872 	 193 	 28938717 
102 	 876 	 3527 	 316325499 
103 	 878 	 3548 	 318226349 
104 	 881 	 3205 	 467067311 
105 	 882 	 724 	 64785477 
106 	 883 	 2943 	 426656331 
107 	 885 	 843 	 126661917 
108 	 939 	 2981 	 447672259 
109 	 1279 	 3731 	 499844563 
110 	 1283 	 2529 	 379965167 
111 	 1 	 5012 	 751842831 
112 	 2 	 4211 	 632148745 
113 	 13 	 1377 	 206222349 
114 	 63 	 1789 	 178613877 
115 	 64 	 3356 	 500901843 
116 	 65 	 4997 	 726304631 
117 	 66 	 416 	 61935031 
118 	 67 	 775 	 115832963 
119 	 68 	 1682 	 200585459 
120 	 69 	 331 	 49164633 
121 	 70 	 481 	 71735965 
122 	 71 	 3476 	 518707105 
123 	 72 	 209 	 30729757 
124 	 73 	 1104 	 162611135 
125 	 74 	 759 	 113550993 
126 	 76 	 1435 	 202554245 
127 	 77 	 1229 	 176439741 
128 	 78 	 77 	 11107613 
129 	 82 	 938 	 140288525 
130 	 83 	 3495 	 525130587 
131 	 84 	 3065 	 460419877 
132 	 85 	 4556 	 684398073 
133 	 86 	 4115 	 618171667 
134 	 99 	 5992 	 899949489 
135 	 102 	 1109 	 166620439 
136 	 105 	 1962 	 294745547 
137 	 106 	 1385 	 207695243 
138 	 110 	 1895 	 284439153 
139 	 111 	 3132 	 469322703 
140 	 113 	 1835 	 275444121 
141 	 119 	 872 	 131128697 
142 	 120 	 314 	 47215527 
143 	 121 	 3422 	 513374207 
144 	 122 	 1927 	 289500693 
145 	 123 	 1250 	 187106589 
146 	 124 	 1183 	 176159059 
147 	 125 	 1996 	 299940025 
148 	 126 	 1394 	 205209975 
149 	 127 	 1068 	 160098329 
150 	 128 	 1586 	 237746197 
151 	 140 	 932 	 133290691 
152 	 143 	 1317 	 168070903 
153 	 145 	 1180 	 177279289 
154 	 146 	 1223 	 139632835 
155 	 147 	 1222 	 168642765 
156 	 150 	 1671 	 224920251 
157 	 168 	 960 	 127374049 
158 	 171 	 803 	 104912251 
159 	 176 	 659 	 82016809 
160 	 179 	 4959 	 744330387 
161 	 180 	 4601 	 690489381 
162 	 192 	 918 	 121050927 
163 	 196 	 863 	 129643771 
164 	 208 	 897 	 134283143 
165 	 209 	 900 	 129884809 
166 	 210 	 838 	 125929053 
167 	 211 	 852 	 128037713 
168 	 212 	 1652 	 232896337 
169 	 215 	 1420 	 213325841 
170 	 216 	 4115 	 618038819 
171 	 217 	 3306 	 496764763 
172 	 218 	 6473 	 964050663 
173 	 219 	 2484 	 373454265 
174 	 220 	 261 	 39159081 
175 	 221 	 632 	 94949043 
176 	 222 	 263 	 39479963 
177 	 223 	 498 	 74994973 
178 	 224 	 1137 	 167695005 
179 	 225 	 401 	 60349069 
180 	 226 	 297 	 42342991 
181 	 227 	 803 	 119947179 
182 	 248 	 4648 	 695449457 
183 	 249 	 4008 	 602038113 
184 	 250 	 3404 	 504438225 
185 	 251 	 2237 	 335844266 
186 	 252 	 3258 	 489370007 
187 	 253 	 3400 	 510722393 
188 	 271 	 4572 	 648179281 
189 	 272 	 3258 	 345757627 
190 	 273 	 3534 	 482510653 
191 	 274 	 3096 	 389050467 
192 	 275 	 2984 	 401404889 
193 	 276 	 4356 	 597079169 
194 	 277 	 3203 	 470717683 
195 	 278 	 3816 	 307462159 
196 	 279 	 1982 	 237335595 
197 	 280 	 1505 	 226040727 
198 	 281 	 711 	 106999569 
199 	 282 	 547 	 82345569 
200 	 283 	 585 	 88053367 
201 	 291 	 5190 	 779587381 
202 	 294 	 1079 	 162140445 
203 	 295 	 788 	 118464351 
204 	 296 	 4560 	 684937385 
205 	 297 	 4321 	 649142149 
206 	 298 	 4092 	 614739199 
207 	 299 	 2129 	 319919477 
208 	 300 	 2121 	 318634881 
209 	 301 	 4097 	 615498863 
210 	 302 	 744 	 111419204 
211 	 304 	 2262 	 338822514 
212 	 306 	 1692 	 254309169 
213 	 307 	 1632 	 244439073 
214 	 309 	 1389 	 208326007 
215 	 315 	 4105 	 615865909 
216 	 316 	 3661 	 549934793 
217 	 317 	 2898 	 422496231 
218 	 318 	 4735 	 676152427 
219 	 319 	 3552 	 529039767 
220 	 320 	 2594 	 389753715 
221 	 321 	 4582 	 577822125 
222 	 322 	 456 	 68593071 
223 	 323 	 2752 	 300738743 
224 	 325 	 5779 	 868097123 
225 	 326 	 120 	 18126748 
226 	 328 	 358 	 53965304 
227 	 329 	 219 	 32960397 
228 	 330 	 225 	 33850081 
229 	 331 	 238 	 35753439 
230 	 333 	 3395 	 509321533 
231 	 338 	 2980 	 447650283 
232 	 339 	 3009 	 452003369 
233 	 340 	 571 	 85782753 
234 	 341 	 852 	 128005109 
235 	 342 	 569 	 85499699 
236 	 343 	 455 	 68384879 
237 	 344 	 3386 	 452886056 
238 	 346 	 983 	 147846711 
239 	 352 	 1651 	 248022591 
240 	 353 	 1254 	 188503441 
241 	 354 	 2987 	 447664129 
242 	 355 	 1191 	 178994255 
243 	 358 	 1087 	 163312183 
244 	 359 	 1192 	 179092477 
245 	 362 	 4446 	 640941925 
246 	 370 	 4947 	 741577763 
247 	 374 	 4496 	 675385713 
248 	 377 	 3071 	 461345021 
249 	 384 	 87 	 13138147 
250 	 386 	 1048 	 152869065 
251 	 388 	 722 	 108521875 
252 	 389 	 466 	 70000407 
253 	 392 	 1063 	 159870027 
254 	 393 	 585 	 87866257 
255 	 394 	 1766 	 265241379 
256 	 395 	 205 	 30978005 
257 	 398 	 2028 	 304735065 
258 	 399 	 2466 	 370429155 
259 	 402 	 6295 	 892619337 
260 	 403 	 4966 	 720295827 
261 	 404 	 4097 	 545485109 
262 	 408 	 3982 	 598139397 
263 	 411 	 1021 	 153402505 
264 	 412 	 2376 	 356855713 
265 	 416 	 2766 	 415474431 
266 	 419 	 352 	 52984033 
267 	 420 	 1809 	 271717595 
268 	 422 	 1013 	 152240485 
269 	 423 	 1113 	 167383215 
270 	 424 	 2090 	 313625102 
271 	 427 	 1120 	 168237414 
272 	 428 	 3013 	 452563791 
273 	 429 	 415 	 62568307 
274 	 433 	 3686 	 553773725 
275 	 436 	 275 	 41343083 
276 	 437 	 1669 	 250788007 
277 	 439 	 490 	 73816429 
278 	 440 	 395 	 59535307 
279 	 441 	 196 	 27177127 
280 	 442 	 635 	 89608611 
281 	 443 	 455 	 67518705 
282 	 444 	 178 	 25970237 
283 	 445 	 170 	 20918051 
284 	 446 	 234 	 35251061 
285 	 447 	 4976 	 584087329 
286 	 458 	 4220 	 615480313 
287 	 459 	 3699 	 554740731 
288 	 460 	 1433 	 215581953 
289 	 461 	 2367 	 355579781 
290 	 462 	 3600 	 540983081 
291 	 463 	 3199 	 471978790 
292 	 465 	 156 	 23497419 
293 	 466 	 133 	 20146679 
294 	 468 	 2631 	 376528619 
295 	 469 	 5704 	 848112801 
296 	 472 	 5848 	 861369319 
297 	 475 	 5568 	 834000007 
298 	 476 	 5592 	 819033027 
299 	 477 	 6053 	 890885053 
300 	 478 	 6353 	 949827415 
301 	 479 	 6904 	 1023551451 
302 	 480 	 5592 	 819033027 
303 	 481 	 4688 	 685952889 
304 	 482 	 3176 	 457923003 
305 	 483 	 2832 	 418170945 
306 	 484 	 5024 	 740589459 
307 	 490 	 3958 	 527192069 
308 	 491 	 149 	 21888623 
309 	 492 	 120 	 17815673 
310 	 498 	 2985 	 443256981 
311 	 499 	 3975 	 580704301 
312 	 500 	 3659 	 302034619 
313 	 502 	 4982 	 581774221 
314 	 504 	 4891 	 651804657 
315 	 506 	 5291 	 752293899 
316 	 507 	 4315 	 574280067 
317 	 509 	 5206 	 770182509 
318 	 510 	 6258 	 938263067 
319 	 511 	 5258 	 787523621 
320 	 512 	 1479 	 159899001 
321 	 513 	 3687 	 530294315 
322 	 514 	 4882 	 718979237 
323 	 515 	 5011 	 752689789 
324 	 516 	 5498 	 759715629 
325 	 517 	 5924 	 843591017 
326 	 518 	 5540 	 832177673 
327 	 519 	 5699 	 853856883 
328 	 520 	 7062 	 1041126783 
329 	 521 	 3392 	 504275273 
330 	 522 	 5104 	 761088025 
331 	 523 	 6305 	 942750345 
332 	 524 	 5105 	 753319305 
333 	 525 	 6766 	 996743783 
334 	 526 	 4537 	 599995673 
335 	 527 	 3453 	 501904001 
336 	 528 	 1051 	 151442453 
337 	 530 	 4722 	 608681747 
338 	 531 	 5658 	 845001015 
339 	 534 	 973 	 146195505 
340 	 535 	 1902 	 285889973 
341 	 536 	 6509 	 977721511 
342 	 543 	 1546 	 190907413 
343 	 544 	 509 	 66955111 
344 	 545 	 1501 	 186293927 
345 	 548 	 1328 	 155999393 
346 	 552 	 1645 	 247128191 
347 	 553 	 4502 	 619248120 
348 	 559 	 301 	 44794993 
349 	 560 	 1299 	 195151109 
350 	 561 	 2672 	 401369507 
351 	 562 	 2411 	 362191733 
352 	 563 	 171 	 25741845 
353 	 565 	 4095 	 569259065 
354 	 566 	 5184 	 778727441 
355 	 567 	 4652 	 698840953 
356 	 569 	 1860 	 237015059 
357 	 570 	 2653 	 363315845 
358 	 571 	 4919 	 738934403 
359 	 577 	 757 	 113823239 
360 	 579 	 1114 	 167397685 
361 	 580 	 1085 	 163085031 
362 	 581 	 1004 	 150953001 
363 	 582 	 1179 	 177192843 
364 	 583 	 1327 	 199351101 
365 	 585 	 1313 	 197334887 
366 	 586 	 1223 	 181552155 
367 	 587 	 1797 	 269999935 
368 	 588 	 986 	 148139549 
369 	 589 	 1754 	 263578621 
370 	 590 	 1442 	 216636373 
371 	 591 	 1034 	 155450517 
372 	 592 	 1412 	 212242825 
373 	 593 	 1243 	 186832019 
374 	 594 	 750 	 112714037 
375 	 595 	 2802 	 419305029 
376 	 597 	 642 	 96604421 
377 	 598 	 939 	 141105859 
378 	 599 	 794 	 119427069 
379 	 600 	 761 	 114461607 
380 	 601 	 1388 	 208588785 
381 	 603 	 1547 	 232924955 
382 	 605 	 2239 	 336454523 
383 	 606 	 727 	 109253523 
384 	 609 	 7845 	 1014349663 
385 	 612 	 6143 	 862105945 
386 	 617 	 544 	 81777347 
387 	 624 	 1224 	 183939702 
388 	 627 	 4299 	 645792213 
389 	 631 	 160 	 24262055 
390 	 636 	 3746 	 486975221 
391 	 637 	 3750 	 496841613 
392 	 639 	 2957 	 339917725 
393 	 640 	 3083 	 372666483 
394 	 642 	 5065 	 636107821 
395 	 648 	 4618 	 675123647 
396 	 649 	 4658 	 624342285 
397 	 651 	 3023 	 381062987 
398 	 652 	 3543 	 459291403 
399 	 653 	 2551 	 340443547 
400 	 655 	 4066 	 544471325 
401 	 656 	 7439 	 1018203681 
402 	 667 	 267 	 40239627 
403 	 671 	 4758 	 714482623 
404 	 672 	 9248 	 1200609993 
405 	 673 	 191 	 21774333 
406 	 674 	 3516 	 527227905 
407 	 675 	 3361 	 505946525 
408 	 676 	 6329 	 950118353 
409 	 679 	 4774 	 647345797 
410 	 681 	 2126 	 293130299 
411 	 685 	 4369 	 635022073 
412 	 686 	 6293 	 829011911 
413 	 687 	 4075 	 519311339 
414 	 688 	 494 	 73544243 
415 	 689 	 4661 	 699730697 
416 	 690 	 5176 	 676794377 
417 	 691 	 4366 	 602220079 
418 	 692 	 1991 	 299056147 
419 	 693 	 5699 	 776513331 
420 	 695 	 148 	 22232011 
421 	 699 	 1663 	 249651751 
422 	 700 	 2346 	 352413903 
423 	 701 	 2499 	 370626529 
424 	 703 	 9553 	 1416861031 
425 	 707 	 302 	 45224531 
426 	 709 	 1445 	 166713661 
427 	 710 	 402 	 58243747 
428 	 711 	 846 	 127124087 
429 	 712 	 258 	 38852055 
430 	 720 	 1124 	 141169169 
431 	 721 	 4628 	 640646199 
432 	 723 	 3686 	 510563469 
433 	 724 	 3290 	 418452435 
434 	 726 	 1310 	 170154995 
435 	 727 	 1298 	 143741821 
436 	 728 	 1384 	 207820203 
437 	 729 	 2436 	 276808793 
438 	 730 	 5781 	 837203413 
439 	 731 	 6052 	 848922383 
440 	 733 	 5589 	 778938833 
441 	 734 	 6889 	 835660609 
442 	 735 	 4358 	 575285517 
443 	 739 	 711 	 106834725 
444 	 741 	 3305 	 463699181 
445 	 742 	 1194 	 156419075 
446 	 743 	 2911 	 438421281 
447 	 744 	 1072 	 161145731 
448 	 745 	 1308 	 142841065 
449 	 746 	 1655 	 212084665 
450 	 747 	 1467 	 205304611 
451 	 754 	 851 	 76216595 
452 	 756 	 1912 	 242124687 
453 	 757 	 830 	 106019165 
454 	 758 	 1309 	 178975751 
455 	 759 	 1506 	 166779861 
456 	 760 	 1004 	 150853747 
457 	 762 	 896 	 127863089 
458 	 763 	 830 	 105695709 
459 	 764 	 1151 	 150748641 
460 	 765 	 660 	 97176785 
461 	 766 	 791 	 89411995 
462 	 767 	 1006 	 147819581 
463 	 768 	 1530 	 229691711 
464 	 769 	 925 	 105788087 
465 	 770 	 1780 	 259850993 
466 	 771 	 2504 	 224552917 
467 	 772 	 1486 	 223172175 
468 	 773 	 1645 	 183046359 
469 	 774 	 1539 	 140095731 
470 	 775 	 1105 	 140677639 
471 	 776 	 2463 	 364861835 
472 	 781 	 2148 	 289006895 
473 	 782 	 2878 	 321576555 
474 	 784 	 3840 	 573808679 
475 	 787 	 4425 	 664665381 
476 	 788 	 1966 	 296331179 
477 	 789 	 2835 	 349479955 
478 	 790 	 2559 	 341188057 
479 	 791 	 2646 	 326484971 
480 	 792 	 4253 	 549597359 
481 	 796 	 745 	 112071917 
482 	 797 	 2814 	 330889269 
483 	 798 	 413 	 62241069 
484 	 799 	 9719 	 1458655371 
485 	 807 	 1811 	 271359769 
486 	 810 	 4167 	 516101809 
487 	 811 	 4353 	 590776629 
488 	 813 	 3407 	 448693275 
489 	 815 	 4646 	 694158491 
490 	 818 	 1036 	 155429527 
491 	 819 	 787 	 116061505 
492 	 822 	 3124 	 370469081 
493 	 824 	 2466 	 234693989 
494 	 828 	 1706 	 198761797 
495 	 829 	 695 	 104477607 
496 	 831 	 2366 	 345497773 
497 	 832 	 2157 	 247022255 
498 	 834 	 1154 	 173231553 
499 	 835 	 1475 	 221517021 
500 	 837 	 805 	 75511607 
501 	 840 	 3752 	 336142801 
502 	 841 	 35 	 5379191 
503 	 842 	 9250 	 1389352405 
504 	 843 	 9617 	 1444102567 
505 	 845 	 9180 	 1372139879 
506 	 846 	 92 	 13834107 
507 	 847 	 9307 	 1397798627 
508 	 848 	 9260 	 1390790929 
509 	 849 	 1083 	 97198491 
510 	 850 	 9594 	 1441260085 
511 	 851 	 9345 	 1403165671 
512 	 852 	 5849 	 878493135 
513 	 854 	 9414 	 1412082997 
514 	 855 	 9368 	 1385083759 
515 	 856 	 9451 	 1345218213 
516 	 857 	 10234 	 1537243803 
517 	 858 	 9745 	 1463738197 
518 	 2329 	 9539 	 1432917057 
519 	 860 	 3582 	 321263355 
520 	 861 	 1476 	 221635363 
521 	 862 	 945 	 84829321 
522 	 863 	 846 	 127126879 
523 	 864 	 822 	 73753531 
524 	 866 	 617 	 92715361 
525 	 867 	 606 	 91115079 
526 	 871 	 232 	 34851299 
527 	 873 	 366 	 54898039 
528 	 874 	 103 	 15564349 
529 	 875 	 294 	 44178607 
530 	 877 	 215 	 32274759 
531 	 879 	 307 	 46293013 
532 	 880 	 1234 	 110658417 
533 	 884 	 2867 	 430604611 
534 	 886 	 218 	 32734879 
535 	 887 	 1095 	 98313571 
536 	 888 	 1229 	 110264711 
537 	 889 	 627 	 56335529 
538 	 890 	 1707 	 256434125 
539 	 892 	 3515 	 331561925 
540 	 893 	 4685 	 435062483 
541 	 894 	 3734 	 314792103 
542 	 896 	 3595 	 283441551 
543 	 897 	 4975 	 456410645 
544 	 898 	 4233 	 360076839 
545 	 900 	 3986 	 334258977 
546 	 903 	 5141 	 401243177 
547 	 904 	 3325 	 313613051 
548 	 915 	 945 	 142015759 
549 	 916 	 375 	 56522523 
550 	 918 	 546 	 82158653 
551 	 919 	 315 	 47406195 
552 	 921 	 499 	 75009413 
553 	 922 	 935 	 140637883 
554 	 923 	 2552 	 247475969 
555 	 924 	 2719 	 369630993 
556 	 925 	 94 	 14264479 
557 	 928 	 2637 	 283430397 
558 	 929 	 2093 	 280125479 
559 	 930 	 200 	 30245137 
560 	 931 	 411 	 61726687 
561 	 932 	 833 	 125318697 
562 	 933 	 2337 	 350988787 
563 	 934 	 1834 	 190869845 
564 	 935 	 2996 	 370639385 
565 	 936 	 38 	 5772079 
566 	 937 	 8082 	 724705821 
567 	 938 	 6339 	 568437031 
568 	 940 	 5562 	 498807365 
569 	 941 	 3791 	 339990631 
570 	 943 	 9409 	 843665275 
571 	 945 	 3062 	 274607775 
572 	 946 	 2211 	 332175493 
573 	 948 	 897 	 80547223 
574 	 952 	 5569 	 701204021 
575 	 954 	 3062 	 274607775 
576 	 968 	 3676 	 329576401 
577 	 971 	 368 	 55361343 
578 	 972 	 3208 	 287722797 
579 	 977 	 252 	 37425401 
580 	 978 	 3020 	 270776993 
581 	 979 	 4206 	 496006221 
582 	 980 	 2636 	 236379593 
583 	 981 	 729 	 65412395 
584 	 982 	 3394 	 304322173 
585 	 983 	 284 	 25454009 
586 	 988 	 3076 	 346026527 
587 	 990 	 706 	 97260855 
588 	 993 	 3720 	 333632297 
589 	 994 	 3629 	 545128201 
590 	 997 	 2461 	 220693431 
591 	 998 	 524 	 78777941 
592 	 999 	 351 	 52731687 
593 	 1001 	 4015 	 360073805 
594 	 1003 	 336 	 50527693 
595 	 1004 	 610 	 91718793 
596 	 1006 	 328 	 49366477 
597 	 1007 	 2977 	 266851311 
598 	 1008 	 1126 	 169170215 
599 	 1010 	 379 	 56908545 
600 	 1011 	 2749 	 320377887 
601 	 1012 	 710 	 106641171 
602 	 1014 	 1771 	 266044423 
603 	 1017 	 2148 	 322692497 
604 	 1019 	 4364 	 391287719 
605 	 1021 	 1225 	 109926483 
606 	 1022 	 792 	 118986973 
607 	 1025 	 2448 	 219476991 
608 	 1055 	 3792 	 340054193 
609 	 1056 	 696 	 62439785 
610 	 1058 	 118 	 10616925 
611 	 1059 	 239 	 21481839 
612 	 1061 	 3226 	 289282877 
613 	 1062 	 1690 	 151589309 
614 	 1063 	 2006 	 179862381 
615 	 1091 	 2660 	 238601089 
616 	 1093 	 1982 	 177767957 
617 	 1097 	 2361 	 211703147 
618 	 1100 	 1028 	 92226585 
619 	 1109 	 4230 	 379342381 
620 	 1120 	 5673 	 508669883 
621 	 1121 	 832 	 74648009 
622 	 1122 	 112 	 10059359 
623 	 1123 	 736 	 66062377 
624 	 1125 	 1377 	 123515587 
625 	 1126 	 1044 	 93619017 
626 	 1128 	 1310 	 117509693 
627 	 1130 	 1737 	 155760803 
628 	 1131 	 377 	 33889387 
629 	 1132 	 364 	 32667425 
630 	 1137 	 154 	 13791747 
631 	 1139 	 3914 	 350994221 
632 	 1202 	 5291 	 474544007 
633 	 1280 	 6991 	 918026571 
634 	 1282 	 3771 	 566486363 
635 	 1285 	 8850 	 1329154485 
636 	 1286 	 9371 	 1407559099 
637 	 1287 	 9598 	 1441678965 
638 	 1288 	 8815 	 1323966587 
639 	 1289 	 8476 	 1273014955 
640 	 1290 	 8760 	 1315716809 
641 	 1291 	 8661 	 1300970599 
642 	 1292 	 9399 	 1411733099 
643 	 1293 	 9800 	 1471905057 
644 	 1294 	 8750 	 1314174317 
645 	 1295 	 8487 	 1274854137 
646 	 1296 	 10374 	 1557381085 
647 	 1297 	 9022 	 1354839741 
648 	 1298 	 10185 	 1529795015 
649 	 1341 	 257 	 22923327 
650 	 1343 	 3552 	 541980421 
651 	 1345 	 3226 	 501667189 
652 	 1346 	 3205 	 498094213 
653 	 1347 	 2525 	 392771389 
654 	 1349 	 1494 	 232310407 
655 	 1351 	 1069 	 166190149 
656 	 1352 	 2122 	 329863133 
657 	 1365 	 2705 	 351554581 
658 	 1366 	 2462 	 299343803 
659 	 1367 	 794 	 74647795 
660 	 1368 	 727 	 109336213 
661 	 1369 	 1746 	 156708529 
662 	 1377 	 475 	 71394976 
663 	 1378 	 505 	 75948223 
664 	 1379 	 236 	 35606345 
665 	 1380 	 559 	 84122883 
666 	 1381 	 527 	 79209405 
667 	 1382 	 689 	 103565077 
668 	 1383 	 822 	 123583741 
669 	 1384 	 511 	 76569293 
670 	 1385 	 3180 	 477085003 
671 	 1423 	 1090 	 169173973 
672 	 1424 	 1516 	 235533987 
673 	 1425 	 2677 	 415989059 
674 	 1426 	 421 	 65445637 
675 	 1440 	 1830 	 284433103 
676 	 1441 	 1882 	 292769223 
677 	 1442 	 1680 	 261354083 
678 	 1443 	 2292 	 356393859 
679 	 1444 	 1154 	 179324095 
680 	 1445 	 1239 	 192732401 
681 	 1446 	 1182 	 183815637 
682 	 1448 	 1795 	 279092281 
683 	 1450 	 232 	 36175873 
684 	 1451 	 89 	 13790063 
685 	 1452 	 151 	 23264315 
686 	 1453 	 111 	 17221579 
687 	 1456 	 970 	 150713671 
688 	 1457 	 876 	 136144129 
689 	 1459 	 1121 	 174121949 
690 	 1464 	 1001 	 155751149 
691 	 1465 	 1224 	 190334133 
692 	 1466 	 2442 	 366893523 
693 	 1467 	 3681 	 552984317 
694 	 1468 	 1662 	 149015281 
695 	 1469 	 1102 	 98824609 
696 	 1470 	 1551 	 139057459 
697 	 1471 	 1036 	 92706083 
698 	 1472 	 2570 	 138052243 
699 	 1473 	 1473 	 131994271 
700 	 2235 	 750 	 112707427 
701 	 2234 	 299 	 45068489 
702 	 2233 	 3843 	 575223889 
703 	 2232 	 2053 	 308295885 
704 	 2231 	 1073 	 161330821 
705 	 2230 	 4486 	 673911699 
706 	 2229 	 1201 	 180571629 
707 	 1491 	 127 	 19108645 
708 	 1499 	 4020 	 603745311 
709 	 1500 	 3253 	 486166231 
710 	 1511 	 5638 	 846951899 
711 	 114 	 2108 	 316780425 
712 	 116 	 1578 	 237020210 
713 	 100 	 1345 	 202025735 
714 	 101 	 945 	 141841645 
715 	 103 	 585 	 87866257 
716 	 104 	 1188 	 178640001 
717 	 130 	 878 	 132052203 
718 	 132 	 1550 	 232577651 
719 	 134 	 875 	 130778475 
720 	 136 	 2883 	 431225401 
721 	 138 	 2422 	 363409995 
722 	 141 	 3039 	 455983129 
723 	 149 	 1082 	 146733085 
724 	 152 	 1924 	 289032553 
725 	 153 	 862 	 128162391 
726 	 157 	 890 	 133713773 
727 	 170 	 870 	 114908795 
728 	 173 	 1049 	 157714325 
729 	 175 	 764 	 114753131 
730 	 213 	 1362 	 184499197 
731 	 214 	 1083 	 151742961 
732 	 256 	 1988 	 298656649 
733 	 311 	 2164 	 325338415 
734 	 314 	 975 	 146515073 
735 	 327 	 7200 	 1069149465 
736 	 334 	 907 	 136208649 
737 	 335 	 660 	 99220429 
738 	 337 	 218 	 32812049 
739 	 347 	 635 	 95393049 
740 	 348 	 1162 	 174618065 
741 	 349 	 474 	 71302329 
742 	 350 	 302 	 45365817 
743 	 351 	 1381 	 207490045 
744 	 356 	 865 	 129934653 
745 	 357 	 609 	 91635011 
746 	 360 	 2585 	 388333353 
747 	 361 	 185 	 27950781 
748 	 373 	 4986 	 748946191 
749 	 375 	 3523 	 529359459 
750 	 376 	 2916 	 438066009 
751 	 378 	 3808 	 572055507 
752 	 379 	 3490 	 524249597 
753 	 380 	 916 	 137671307 
754 	 382 	 1460 	 219420945 
755 	 383 	 1095 	 119501463 
756 	 385 	 1546 	 77055617 
757 	 390 	 1563 	 173824343 
758 	 391 	 2244 	 174341509 
759 	 396 	 1544 	 231908035 
760 	 397 	 1655 	 248551215 
761 	 400 	 1697 	 254987165 
762 	 401 	 3220 	 475682665 
763 	 405 	 1517 	 204777383 
764 	 406 	 1547 	 210611207 
765 	 410 	 1655 	 243867909 
766 	 413 	 1177 	 136184981 
767 	 414 	 1479 	 209895801 
768 	 415 	 2219 	 333325355 
769 	 425 	 2143 	 321797931 
770 	 431 	 1043 	 156636665 
771 	 434 	 2357 	 323331011 
772 	 438 	 551 	 82894409 
773 	 451 	 528 	 79509817 
774 	 455 	 5703 	 856619955 
775 	 456 	 1577 	 236436829 
776 	 464 	 419 	 62920763 
777 	 467 	 526 	 79119877 
778 	 470 	 291 	 42625835 
779 	 471 	 723 	 108612237 
780 	 493 	 335 	 50247753 
781 	 494 	 3432 	 515395303 
782 	 495 	 2306 	 346443237 
783 	 496 	 3593 	 539356093 
784 	 497 	 5503 	 826671201 
785 	 501 	 835 	 125489347 
786 	 503 	 4079 	 561172185 
787 	 505 	 3326 	 499277887 
788 	 537 	 3010 	 450368791 
789 	 538 	 2102 	 315073407 
790 	 539 	 236 	 35531257 
791 	 540 	 3020 	 453514153 
792 	 541 	 2029 	 254016039 
793 	 555 	 493 	 74168855 
794 	 564 	 525 	 78932097 
795 	 572 	 67 	 10204203 
796 	 575 	 609 	 90521303 
797 	 578 	 774 	 116342085 
798 	 584 	 2467 	 370681275 
799 	 596 	 2109 	 316904639 
800 	 613 	 86 	 13069669 
801 	 614 	 180 	 27243071 
802 	 615 	 47 	 7185643 
803 	 618 	 153 	 23113255 
804 	 619 	 134 	 20198663 
805 	 620 	 905 	 136099935 
806 	 621 	 420 	 63146027 
807 	 622 	 108 	 16284643 
808 	 628 	 5434 	 816368469 
809 	 629 	 5158 	 755663093 
810 	 638 	 3656 	 508506313 
811 	 677 	 2549 	 381193167 
812 	 678 	 128 	 19255963 
813 	 680 	 679 	 101958821 
814 	 682 	 120 	 18112075 
815 	 683 	 998 	 150065371 
816 	 684 	 104 	 15503701 
817 	 694 	 231 	 33335165 
818 	 696 	 187 	 28112341 
819 	 697 	 185 	 26948387 
820 	 698 	 90 	 13557637 
821 	 748 	 417 	 62994957 
822 	 749 	 203 	 31096353 
823 	 750 	 1045 	 157532261 
824 	 751 	 358 	 54086745 
825 	 752 	 1062 	 159348999 
826 	 753 	 120 	 18222047 
827 	 821 	 735 	 110278139 
828 	 891 	 1399 	 131980935 
829 	 895 	 5857 	 475356039 
830 	 899 	 1999 	 152847407 
831 	 901 	 6615 	 521110613 
832 	 902 	 3303 	 311579269 
833 	 905 	 4906 	 462759287 
834 	 906 	 3035 	 272051219 
835 	 951 	 972 	 80087093 
836 	 956 	 410 	 61586237 
837 	 957 	 152 	 19580367 
838 	 959 	 1269 	 181437181 
839 	 960 	 223 	 32838417 
840 	 962 	 291 	 41697953 
841 	 964 	 610 	 88170501 
842 	 984 	 289 	 43442017 
843 	 985 	 91 	 13715669 
844 	 986 	 142 	 21448375 
845 	 987 	 135 	 20249645 
846 	 989 	 914 	 137361171 
847 	 991 	 3386 	 508543331 
848 	 992 	 3822 	 574131565 
849 	 995 	 2451 	 368207803 
850 	 1013 	 3179 	 408462401 
851 	 1015 	 324 	 48661653 
852 	 1016 	 5246 	 788007581 
853 	 1018 	 1117 	 167789483 
854 	 1020 	 796 	 119648445 
855 	 1023 	 1254 	 188361929 
856 	 1024 	 812 	 121956407 
857 	 1034 	 3703 	 332066559 
858 	 1037 	 945 	 84761835 
859 	 1038 	 711 	 63757077 
860 	 1039 	 256 	 22900263 
861 	 1220 	 4959 	 444667679 
862 	 1221 	 231 	 20698957 
863 	 1222 	 192 	 17269913 
864 	 1223 	 175 	 15709951 
865 	 1224 	 5506 	 493821221 
866 	 1225 	 828 	 74266689 
867 	 1243 	 1565 	 140403723 
868 	 1244 	 1722 	 154397277 
869 	 1245 	 1418 	 127204603 
870 	 1246 	 1893 	 169699459 
871 	 1247 	 274 	 24518011 
872 	 1248 	 2442 	 218980125 
873 	 1249 	 2509 	 224994683 
874 	 1250 	 286 	 25731309 
875 	 1251 	 1868 	 167503929 
876 	 1252 	 1849 	 165912147 
877 	 1253 	 208 	 18653655 
878 	 1254 	 3026 	 271343171 
879 	 1255 	 2052 	 183996279 
880 	 1260 	 209 	 31448641 
881 	 1268 	 1315 	 117943251 
882 	 1332 	 2549 	 396542903 
883 	 1338 	 1256 	 195320491 
884 	 1339 	 587 	 52438577 
885 	 1340 	 249 	 22284871 
886 	 1342 	 157 	 13849493 
887 	 1344 	 168 	 26032299 
888 	 1427 	 3059 	 565687913 
889 	 1429 	 1894 	 164363497 
890 	 1431 	 1769 	 157726537 
891 	 1433 	 1698 	 151420161 
892 	 1435 	 1632 	 145980341 
893 	 1437 	 1529 	 135505801 
894 	 1439 	 2022 	 314507951 
895 	 1447 	 1516 	 235863219 
896 	 1449 	 581 	 90361685 
897 	 1454 	 332 	 51514499 
898 	 2228 	 4813 	 723060829 
899 	 1512 	 521 	 78275597 
900 	 1513 	 4759 	 711914417 
901 	 5 	 5401 	 811367517 
902 	 79 	 6576 	 987784479 
903 	 407 	 1690 	 253406963 
904 	 409 	 2332 	 350324630 
905 	 418 	 1738 	 221166771 
906 	 421 	 3963 	 582580111 
907 	 430 	 1334 	 200482347 
908 	 432 	 2493 	 373950211 
909 	 435 	 1488 	 223513019 
910 	 576 	 883 	 132321771 
911 	 732 	 5245 	 641087161 
912 	 830 	 966 	 129014613 
913 	 870 	 130 	 19611247 
914 	 1261 	 2831 	 253880395 
915 	 1262 	 2332 	 350266667 
916 	 1518 	 5638 	 846951899 
917 	 1519 	 3590 	 539321347 
918 	 1520 	 2407 	 357861697 
919 	 1521 	 204 	 30842239 
920 	 1522 	 626 	 94177187 
921 	 1523 	 2271 	 341211185 
922 	 1524 	 98 	 14778861 
923 	 1525 	 998 	 149987395 
924 	 1526 	 117 	 17728109 
925 	 1527 	 2376 	 355625199 
926 	 1528 	 1563 	 233822543 
927 	 1529 	 3739 	 559466729 
928 	 1530 	 2115 	 317559335 
929 	 1531 	 603 	 90603815 
930 	 1532 	 2623 	 394028825 
931 	 1533 	 583 	 87539273 
932 	 1534 	 2779 	 417521609 
933 	 1535 	 4604 	 691621567 
934 	 1536 	 3192 	 479565351 
935 	 1537 	 3875 	 582086737 
936 	 1538 	 4529 	 680292581 
937 	 1539 	 598 	 89872971 
938 	 1540 	 80 	 11991175 
939 	 1541 	 821 	 123302485 
940 	 1542 	 252 	 37881509 
941 	 1544 	 2858 	 429318541 
942 	 1545 	 5963 	 895670657 
943 	 1546 	 4062 	 610146349 
944 	 1547 	 1136 	 170692689 
945 	 1549 	 3695 	 555043881 
946 	 1550 	 1654 	 248534083 
947 	 1551 	 3291 	 494354851 
948 	 1552 	 3692 	 554596151 
949 	 1553 	 4847 	 728052313 
950 	 1554 	 5215 	 783354083 
951 	 1555 	 3968 	 596044343 
952 	 1556 	 2670 	 401091395 
953 	 1557 	 3156 	 474068377 
954 	 1558 	 3878 	 582511333 
955 	 1559 	 3387 	 508826641 
956 	 1560 	 2484 	 373254159 
957 	 1561 	 4207 	 632067761 
958 	 1562 	 4059 	 609736193 
959 	 1563 	 3921 	 588999071 
960 	 1564 	 2154 	 323657299 
961 	 1565 	 2947 	 442773545 
962 	 1566 	 2235 	 335844201 
963 	 1567 	 3363 	 505293897 
964 	 1568 	 3226 	 484585685 
965 	 1569 	 4824 	 724588881 
966 	 1570 	 3173 	 476656565 
967 	 1577 	 3870 	 581321237 
968 	 1578 	 2593 	 389641058 
969 	 1579 	 4185 	 561123381 
970 	 1580 	 3493 	 522663341 
971 	 1585 	 3316 	 477665879 
972 	 1586 	 5760 	 836991959 
973 	 1587 	 6607 	 991979619 
974 	 1588 	 5709 	 857561653 
975 	 1589 	 3609 	 542045301 
976 	 1590 	 2826 	 424613059 
977 	 1591 	 5091 	 764734345 
978 	 1592 	 2359 	 353866153 
979 	 1596 	 5877 	 882775819 
980 	 1597 	 2520 	 375484775 
981 	 1598 	 2884 	 432605895 
982 	 1599 	 3282 	 492855709 
983 	 1600 	 135 	 20385609 
984 	 1601 	 485 	 72980813 
985 	 1602 	 360 	 54129975 
986 	 1603 	 327 	 49303137 
987 	 1604 	 559 	 84078729 
988 	 1605 	 426 	 64029101 
989 	 1606 	 458 	 68933915 
990 	 1607 	 280 	 42119271 
991 	 1608 	 121 	 18346261 
992 	 1609 	 240 	 36168791 
993 	 1610 	 1388 	 208538855 
994 	 1611 	 373 	 55658087 
995 	 1612 	 105 	 15729253 
996 	 1613 	 3193 	 479661519 
997 	 1621 	 2088 	 313420252 
998 	 1620 	 528 	 79445447 
999 	 1622 	 5237 	 784267381 
1000 	 1623 	 4574 	 686638837 
1001 	 1624 	 3929 	 589025303 
1002 	 1625 	 678 	 101941435 
1003 	 1626 	 2504 	 371755631 
1004 	 1627 	 3033 	 441242371 
1005 	 1628 	 2410 	 347054635 
1006 	 1629 	 2880 	 423231101 
1007 	 1630 	 2951 	 429107393 
1008 	 1631 	 1912 	 282129037 
1009 	 1632 	 950 	 141108017 
1010 	 1633 	 1090 	 157533385 
1011 	 1634 	 1431 	 208095167 
1012 	 1635 	 855 	 128181367 
1013 	 1636 	 2062 	 299935169 
1014 	 1637 	 3493 	 513967317 
1015 	 1638 	 2660 	 392574127 
1016 	 1639 	 3570 	 531320761 
1017 	 1640 	 3539 	 516593919 
1018 	 1641 	 3880 	 581572567 
1019 	 1642 	 1348 	 202767205 
1020 	 1643 	 952 	 143049843 
1021 	 1644 	 4760 	 715019881 
1022 	 1645 	 312 	 46920891 
1023 	 1646 	 224 	 33725867 
1024 	 1647 	 264 	 39774539 
1025 	 1648 	 488 	 73374475 
1026 	 1649 	 1291 	 194111219 
1027 	 1650 	 606 	 91171013 
1028 	 1651 	 2350 	 353017615 
1029 	 1652 	 3315 	 498084009 
1030 	 1653 	 4015 	 602864326 
1031 	 1655 	 138 	 20813123 
1032 	 1656 	 336 	 50533665 
1033 	 1657 	 277 	 41714861 
1034 	 1658 	 158 	 23837459 
1035 	 1659 	 180 	 27121775 
1036 	 1660 	 238 	 35920363 
1037 	 1661 	 235 	 35435089 
1038 	 1662 	 176 	 26622031 
1039 	 1663 	 122 	 18421379 
1040 	 1664 	 2509 	 376769605 
1041 	 1665 	 1919 	 288295353 
1042 	 1666 	 1436 	 215425287 
1043 	 1667 	 1040 	 156313375 
1044 	 1668 	 4119 	 618786097 
1045 	 1669 	 1197 	 179881277 
1046 	 1670 	 3601 	 538033629 
1047 	 1671 	 5633 	 844248581 
1048 	 1672 	 4606 	 691716901 
1049 	 1673 	 2710 	 407145843 
1050 	 1674 	 3743 	 562196843 
1051 	 1675 	 4984 	 746123751 
1052 	 1676 	 5651 	 848263441 
1053 	 1677 	 5638 	 846883421 
1054 	 1678 	 5938 	 891918395 
1055 	 1679 	 5224 	 784657675 
1056 	 1680 	 4814 	 723153275 
1057 	 1681 	 7942 	 1192821475 
1058 	 1682 	 6104 	 916584007 
1059 	 1683 	 4203 	 628596265 
1060 	 1687 	 6868 	 1031410703 
1061 	 1688 	 744 	 111857919 
1062 	 1689 	 824 	 123623369 
1063 	 1690 	 3527 	 529783025 
1064 	 1691 	 2280 	 342522351 
1065 	 1692 	 4944 	 741880079 
1066 	 1693 	 3595 	 540025913 
1067 	 1694 	 4064 	 610490081 
1068 	 1695 	 2888 	 429712209 
1069 	 1696 	 5274 	 792175609 
1070 	 1697 	 848 	 127450724 
1071 	 1698 	 1973 	 296404423 
1072 	 1699 	 1537 	 231038791 
1073 	 1700 	 727 	 109345105 
1074 	 1701 	 283 	 42587217 
1075 	 1702 	 3072 	 460169665 
1076 	 1703 	 327 	 49245377 
1077 	 1704 	 2781 	 405195690 
1078 	 1706 	 3683 	 553183654 
1079 	 1707 	 318 	 47890635 
1080 	 1708 	 1714 	 256770405 
1081 	 1709 	 5718 	 852354864 
1082 	 1710 	 7226 	 1085335461 
1083 	 1711 	 261 	 39288461 
1084 	 1712 	 5277 	 792601265 
1085 	 1713 	 219 	 32950929 
1086 	 1714 	 3850 	 577662375 
1087 	 1715 	 492 	 74072687 
1088 	 1716 	 5240 	 786641382 
1089 	 1717 	 490 	 73688523 
1090 	 1718 	 6402 	 961521568 
1091 	 1719 	 6163 	 925088024 
1092 	 1720 	 4803 	 721441195 
1093 	 1721 	 629 	 94578709 
1094 	 1722 	 4215 	 633068083 
1095 	 1723 	 479 	 72042033 
1096 	 1724 	 6237 	 936657543 
1097 	 1725 	 588 	 88368249 
1098 	 1726 	 428 	 64404631 
1099 	 1727 	 3244 	 487345129 
1100 	 1728 	 703 	 105769041 
1101 	 1729 	 5773 	 866900482 
1102 	 1730 	 2787 	 418680771 
1103 	 1731 	 3230 	 484332525 
1104 	 1732 	 1589 	 238800407 
1105 	 1733 	 1764 	 265100897 
1106 	 1735 	 3087 	 463750406 
1107 	 1736 	 2108 	 316647547 
1108 	 1737 	 343 	 51576473 
1109 	 1738 	 149 	 22450949 
1110 	 1739 	 3186 	 478358821 
1111 	 1740 	 220 	 33167559 
1112 	 1741 	 301 	 45308253 
1113 	 1742 	 256 	 38496969 
1114 	 1743 	 510 	 76747515 
1115 	 1744 	 519 	 77937641 
1116 	 1745 	 385 	 57991981 
1117 	 1746 	 866 	 130212187 
1118 	 1747 	 3096 	 465125359 
1119 	 1750 	 2978 	 438690843 
1120 	 1751 	 553 	 82833821 
1121 	 1753 	 558 	 83688819 
1122 	 1755 	 4275 	 642146003 
1123 	 1756 	 5066 	 761042731 
1124 	 1757 	 5120 	 769202951 
1125 	 1758 	 4407 	 661990553 
1126 	 1759 	 2853 	 428599309 
1127 	 1760 	 3512 	 527585063 
1128 	 1761 	 323 	 48664774 
1129 	 1762 	 276 	 41613756 
1130 	 1763 	 342 	 51486920 
1131 	 1764 	 5676 	 852649009 
1132 	 1765 	 6188 	 929412969 
1133 	 1766 	 7530 	 1131107829 
1134 	 1767 	 3140 	 471287617 
1135 	 1768 	 6858 	 1030183837 
1136 	 1769 	 6205 	 931989575 
1137 	 1770 	 5156 	 774457077 
1138 	 1771 	 1790 	 268892561 
1139 	 1772 	 1138 	 170975577 
1140 	 1773 	 4134 	 621076731 
1141 	 1774 	 3427 	 512712206 
1142 	 1776 	 1002 	 150082819 
1143 	 1778 	 3038 	 455858915 
1144 	 1780 	 2836 	 424596001 
1145 	 1782 	 878 	 131275331 
1146 	 1784 	 1139 	 170759233 
1147 	 1786 	 690 	 102799757 
1148 	 1788 	 5952 	 893331047 
1149 	 1789 	 264 	 39718868 
1150 	 1790 	 105 	 15818786 
1151 	 1791 	 290 	 43344917 
1152 	 1792 	 283 	 42680467 
1153 	 1793 	 399 	 60063931 
1154 	 1794 	 192 	 28948185 
1155 	 1795 	 1352 	 202695321 
1156 	 1797 	 596 	 88296289 
1157 	 1799 	 3559 	 534078667 
1158 	 1803 	 781 	 116988343 
1159 	 1804 	 152 	 22806263 
1160 	 1805 	 389 	 50708565 
1161 	 1806 	 285 	 42569949 
1162 	 1807 	 423 	 63538081 
1163 	 1808 	 281 	 42084645 
1164 	 1809 	 245 	 36732101 
1165 	 1810 	 149 	 22211245 
1166 	 1811 	 581 	 87189765 
1167 	 1812 	 595 	 89180017 
1168 	 1813 	 490 	 73515243 
1169 	 1814 	 466 	 69930515 
1170 	 1815 	 3042 	 456430864 
1171 	 1816 	 2528 	 379562841 
1172 	 2224 	 3288 	 493826287 
1173 	 1817 	 3110 	 466309859 
1174 	 1818 	 2784 	 415699431 
1175 	 1819 	 2018 	 302868283 
1176 	 1820 	 2738 	 408619563 
1177 	 1821 	 1228 	 183858983 
1178 	 1822 	 4157 	 624410173 
1179 	 1823 	 2368 	 355278655 
1180 	 1824 	 3043 	 456352913 
1181 	 1825 	 3690 	 553885643 
1182 	 1826 	 3232 	 485094183 
1183 	 1827 	 1605 	 240134309 
1184 	 1828 	 1605 	 240134309 
1185 	 1829 	 1329 	 199197293 
1186 	 1830 	 1681 	 252179549 
1187 	 1831 	 5056 	 759436703 
1188 	 1832 	 111 	 16850811 
1189 	 1833 	 379 	 57010715 
1190 	 1834 	 2004 	 301133009 
1191 	 1835 	 3033 	 455709423 
1192 	 1836 	 2616 	 393079297 
1193 	 1837 	 3525 	 529622327 
1194 	 1838 	 1663 	 249831070 
1195 	 1839 	 99 	 15054115 
1196 	 1840 	 2371 	 355591483 
1197 	 1841 	 2653 	 398327074 
1198 	 1842 	 2475 	 371510371 
1199 	 1843 	 1429 	 214426663 
1200 	 1844 	 2895 	 434969443 
1201 	 1845 	 3096 	 465180231 
1202 	 1846 	 2009 	 301796565 
1203 	 1847 	 357 	 53517629 
1204 	 1848 	 561 	 84150959 
1205 	 1849 	 362 	 54190653 
1206 	 1850 	 2154 	 322984400 
1207 	 1855 	 4569 	 660851765 
1208 	 1856 	 7466 	 1105107299 
1209 	 1858 	 2588 	 388765839 
1210 	 1860 	 315 	 47489947 
1211 	 1861 	 1472 	 221044361 
1212 	 1862 	 935 	 139562718 
1213 	 1863 	 880 	 131965623 
1214 	 1864 	 1343 	 201659123 
1215 	 1865 	 622 	 93163379 
1216 	 1866 	 992 	 147685479 
1217 	 1867 	 1459 	 218657619 
1218 	 1868 	 1010 	 151896723 
1219 	 1869 	 1358 	 203080469 
1220 	 1870 	 1079 	 162152027 
1221 	 1871 	 1083 	 160210577 
1222 	 1872 	 1699 	 254539585 
1223 	 1873 	 710 	 105515107 
1224 	 1874 	 1161 	 173904925 
1225 	 1875 	 277 	 41792837 
1226 	 1876 	 503 	 75317745 
1227 	 1877 	 813 	 121757421 
1228 	 1878 	 550 	 82276347 
1229 	 1879 	 3746 	 562089213 
1230 	 1880 	 1027 	 154375137 
1231 	 1881 	 214 	 32338523 
1232 	 1882 	 1206 	 181262011 
1233 	 1883 	 1137 	 171004653 
1234 	 1884 	 1803 	 270487323 
1235 	 1885 	 949 	 142130535 
1236 	 1886 	 1326 	 199237635 
1237 	 1887 	 2602 	 390882907 
1238 	 1888 	 4144 	 622445717 
1239 	 1889 	 1289 	 193674011 
1240 	 1890 	 1254 	 188419915 
1241 	 1891 	 884 	 132887015 
1242 	 1892 	 1001 	 150397551 
1243 	 1893 	 887 	 133392505 
1244 	 1894 	 1159 	 170442123 
1245 	 1895 	 1020 	 153274604 
1246 	 1896 	 1113 	 167203325 
1247 	 1897 	 951 	 142994137 
1248 	 1898 	 1185 	 178049925 
1249 	 1899 	 1063 	 159745009 
1250 	 1900 	 1126 	 169207987 
1251 	 1901 	 926 	 139195667 
1252 	 1902 	 4385 	 658180596 
1253 	 1903 	 516 	 77553452 
1254 	 1904 	 2570 	 386200760 
1255 	 1905 	 892 	 134127041 
1256 	 1906 	 1148 	 172538516 
1257 	 1907 	 4656 	 699389793 
1258 	 1908 	 5225 	 784781085 
1259 	 1909 	 3060 	 459492679 
1260 	 1910 	 1111 	 166876921 
1261 	 1911 	 2770 	 416019579 
1262 	 1912 	 2425 	 364137861 
1263 	 1913 	 1751 	 263121393 
1264 	 1914 	 3119 	 468490539 
1265 	 1915 	 2827 	 424324289 
1266 	 1916 	 347 	 51862505 
1267 	 1917 	 240 	 36128103 
1268 	 1918 	 286 	 42985595 
1269 	 1919 	 693 	 104142797 
1270 	 1920 	 523 	 78622217 
1271 	 1921 	 225 	 33947469 
1272 	 1958 	 3614 	 541525611 
1273 	 1959 	 4556 	 541753781 
1274 	 1960 	 781 	 116956575 
1275 	 1961 	 3596 	 539558313 
1276 	 1962 	 4795 	 720276262 
1277 	 1963 	 535 	 80447793 
1278 	 1964 	 2212 	 332291271 
1279 	 1965 	 687 	 103313761 
1280 	 1966 	 2113 	 317524845 
1281 	 1967 	 1923 	 288939497 
1282 	 1968 	 304 	 45819519 
1283 	 1969 	 1878 	 282145571 
1284 	 1970 	 2138 	 320869899 
1285 	 1971 	 2491 	 373849297 
1286 	 1972 	 3101 	 465928373 
1287 	 1973 	 2859 	 428662995 
1288 	 1974 	 309 	 46111327 
1289 	 1975 	 3270 	 490888651 
1290 	 1976 	 1541 	 231546365 
1291 	 1977 	 980 	 147228785 
1292 	 1978 	 2781 	 417383045 
1293 	 1979 	 4416 	 663359735 
1294 	 1980 	 464 	 69503031 
1295 	 1981 	 5310 	 797615019 
1296 	 1982 	 2262 	 339752475 
1297 	 1983 	 101 	 15180413 
1298 	 1984 	 1676 	 251806847 
1299 	 1985 	 52 	 7958943 
1300 	 1986 	 526 	 79156587 
1301 	 1987 	 126 	 19053971 
1302 	 1988 	 484 	 72755519 
1303 	 1989 	 1047 	 157367705 
1304 	 1990 	 157 	 23756570 
1305 	 1991 	 167 	 25186430 
1306 	 1992 	 142 	 21397266 
1307 	 1993 	 2645 	 397359349 
1308 	 1994 	 166 	 24712768 
1309 	 1995 	 183 	 27453990 
1310 	 1996 	 1578 	 237236835 
1311 	 1997 	 399 	 60077537 
1312 	 1998 	 2384 	 357904297 
1313 	 1999 	 4603 	 691459809 
1314 	 2000 	 3333 	 500660645 
1315 	 2001 	 1298 	 195132947 
1316 	 2002 	 747 	 112259697 
1317 	 2003 	 262 	 39190299 
1318 	 2004 	 725 	 108958053 
1319 	 2005 	 1784 	 268057975 
1320 	 2006 	 1962 	 294788867 
1321 	 2007 	 726 	 108894547 
1322 	 2008 	 564 	 84887519 
1323 	 2009 	 341 	 51336709 
1324 	 2010 	 896 	 134308271 
1325 	 2011 	 974 	 146405555 
1326 	 2012 	 766 	 115128051 
1327 	 2013 	 2193 	 329483565 
1328 	 2014 	 877 	 131890445 
1329 	 2015 	 1241 	 186447021 
1330 	 2016 	 1095 	 164597809 
1331 	 2017 	 1167 	 175334635 
1332 	 2018 	 1379 	 207282305 
1333 	 2019 	 1017 	 152858637 
1334 	 2020 	 110 	 16604467 
1335 	 2021 	 1073 	 161215301 
1336 	 2022 	 714 	 107302869 
1337 	 2023 	 919 	 138196209 
1338 	 2024 	 581 	 87415029 
1339 	 2025 	 719 	 108175225 
1340 	 2026 	 189 	 28508285 
1341 	 2027 	 776 	 116601231 
1342 	 2028 	 1164 	 174979351 
1343 	 2029 	 199 	 29978577 
1344 	 2030 	 808 	 121462695 
1345 	 2031 	 882 	 132570109 
1346 	 2032 	 1305 	 196123741 
1347 	 2033 	 801 	 120330389 
1348 	 2034 	 284 	 42826951 
1349 	 2035 	 62 	 9443675 
1350 	 2036 	 1897 	 284985045 
1351 	 2037 	 31 	 4769966 
1352 	 2038 	 124 	 18716015 
1353 	 2040 	 3936 	 591220428 
1354 	 2045 	 2699 	 405565777 
1355 	 2046 	 1765 	 265212725 
1356 	 2252 	 221 	 32968317 
1357 	 2225 	 453 	 68174221 
1358 	 2086 	 526 	 77741467 
1359 	 2051 	 24 	 3802271 
1360 	 2052 	 56 	 8545327 
1361 	 2053 	 433 	 65132557 
1362 	 2054 	 181 	 27416381 
1363 	 2055 	 10 	 1734043 
1364 	 2056 	 16 	 2554415 
1365 	 2057 	 172 	 25963447 
1366 	 2058 	 19 	 3524873 
1367 	 2059 	 35 	 5359233 
1368 	 2060 	 161 	 24389157 
1369 	 2061 	 89 	 13539669 
1370 	 2062 	 96 	 14510247 
1371 	 2063 	 114 	 17268827 
1372 	 2064 	 3250 	 488257083 
1373 	 2065 	 1321 	 198570357 
1374 	 2066 	 206 	 31021355 
1375 	 2067 	 144 	 21728799 
1376 	 2089 	 212 	 32009231 
1377 	 2069 	 129 	 19524805 
1378 	 2070 	 204 	 30752711 
1379 	 2071 	 131 	 19888753 
1380 	 2072 	 310 	 46688987 
1381 	 2073 	 164 	 24680905 
1382 	 2074 	 197 	 29787909 
1383 	 2075 	 222 	 33459307 
1384 	 2076 	 236 	 35617063 
1385 	 2077 	 313 	 47180037 
1386 	 2078 	 223 	 33649945 
1387 	 2079 	 159 	 23932763 
1388 	 2080 	 130 	 19646131 
1389 	 2081 	 296 	 44565887 
1390 	 2082 	 628 	 94448719 
1391 	 2083 	 99 	 15087937 
1392 	 2084 	 291 	 43855289 
1393 	 2085 	 357 	 51883021 
1394 	 2088 	 173 	 26076109 
1395 	 2096 	 1874 	 281573627 
1396 	 2097 	 284 	 42838503 
1397 	 2100 	 121 	 18320269 
1398 	 2101 	 216 	 32581175 
1399 	 2102 	 98 	 14822211 
1400 	 2103 	 61 	 9368557 
1401 	 2106 	 175 	 26414065 
1402 	 2110 	 233 	 35143341 
1403 	 2108 	 139 	 21070185 
1404 	 2109 	 304 	 45848399 
1405 	 2111 	 1054 	 156952043 
1406 	 2112 	 567 	 85112873 
1407 	 2114 	 1211 	 182041921 
1408 	 2115 	 310 	 46657219 
1409 	 2116 	 329 	 49493805 
1410 	 2117 	 3221 	 483771149 
1411 	 2118 	 459 	 69046577 
1412 	 2119 	 4693 	 704934999 
1413 	 2120 	 1237 	 185993485 
1414 	 2126 	 2080 	 312588263 
1415 	 2127 	 1249 	 186271093 
1416 	 2128 	 1702 	 233333091 
1417 	 2129 	 2821 	 380960789 
1418 	 2223 	 632 	 94965761 
1419 	 2131 	 1469 	 220731533 
1420 	 2156 	 1124 	 168971111 
1421 	 2222 	 3378 	 507469011 
1422 	 2158 	 831 	 124946318 
1423 	 2159 	 3711 	 557484721 
1424 	 2160 	 3439 	 516703777 
1425 	 2166 	 1514 	 227528347 
1426 	 2167 	 2403 	 361081697 
1427 	 2168 	 858 	 129013427 
1428 	 2169 	 1310 	 196834309 
1429 	 2170 	 1536 	 230772231 
1430 	 2171 	 1333 	 200401709 
1431 	 2172 	 1402 	 210737043 
1432 	 2173 	 1238 	 186062827 
1433 	 2174 	 1348 	 202599927 
1434 	 2175 	 514 	 77313683 
1435 	 2176 	 178 	 26962875 
1436 	 2179 	 3388 	 508979735 
1437 	 2178 	 431 	 64869689 
1438 	 2180 	 271 	 40943585 
1439 	 2181 	 431 	 64788795 
1440 	 2182 	 204 	 30790255 
1441 	 2183 	 146 	 22014771 
1442 	 2184 	 134 	 20298939 
1443 	 2185 	 376 	 56602583 
1444 	 2186 	 65 	 9946277 
1445 	 2187 	 1347 	 202420841 
1446 	 2188 	 707 	 106320769 
1447 	 2189 	 2075 	 311704385 
1448 	 2190 	 1069 	 160628917 
1449 	 2191 	 1908 	 286663303 
1450 	 2192 	 488 	 73494967 
1451 	 2193 	 2516 	 378000103 
1452 	 2194 	 795 	 119564889 
1453 	 2195 	 3367 	 505819633 
1454 	 2196 	 657 	 98758485 
1455 	 2197 	 4304 	 646516447 
1456 	 2198 	 3290 	 494259547 
1457 	 2199 	 160 	 24091663 
1458 	 2201 	 3180 	 477780207 
1459 	 2202 	 1119 	 168251849 
1460 	 2236 	 1417 	 212894829 
1461 	 2237 	 1701 	 255212549 
1462 	 2238 	 436 	 65577399 
1463 	 2239 	 1719 	 258476529 
1464 	 2242 	 968 	 145576519 
1465 	 2241 	 1338 	 201008309 
1466 	 2243 	 1883 	 282971689 
1467 	 2244 	 795 	 119463814 
1468 	 2245 	 254 	 38208144 
1469 	 2246 	 1329 	 199780674 
1470 	 2247 	 929 	 139432578 
1471 	 2248 	 1859 	 279332094 
1472 	 2249 	 284 	 42789407 
1473 	 2250 	 4280 	 642899951 
1474 	 2251 	 1348 	 202605703 
1475 	 2253 	 76 	 11555223 
1476 	 2256 	 158 	 23828795 
1477 	 2255 	 262 	 39583067 
1478 	 2257 	 369 	 55594461 
1479 	 2258 	 1119 	 168208529 
1480 	 2259 	 925 	 139088751 
1481 	 2260 	 430 	 64759915 
1482 	 2261 	 174 	 26232091 
1483 	 2262 	 118 	 17884091 
1484 	 2263 	 104 	 15841855 
1485 	 2264 	 156 	 23583255 
1486 	 2265 	 3043 	 457124009 
1487 	 2266 	 683 	 102747598 
1488 	 2267 	 146 	 22086971 
1489 	 2268 	 175 	 26258113 
1490 	 2269 	 3635 	 546045961 
1491 	 2270 	 758 	 113987051 
1492 	 2271 	 5502 	 826396816 
1493 	 2272 	 2058 	 309266403 
1494 	 2277 	 776 	 116638745 
1495 	 2275 	 3171 	 475943169 
1496 	 2276 	 1229 	 184783173 
1497 	 2278 	 3710 	 557398051 
1498 	 2279 	 5358 	 804868227 
1499 	 2280 	 906 	 136139568 
1500 	 2281 	 3321 	 498863924 
1501 	 2289 	 6207 	 932430665 
1502 	 2290 	 6789 	 1017863613 
1503 	 2291 	 6021 	 904512565 
1504 	 2292 	 6772 	 1017279727 
1505 	 2293 	 6778 	 1018108763 
1506 	 2294 	 5972 	 896875228 
1507 	 2295 	 6834 	 1026508747 
1508 	 2296 	 6147 	 923302755 
1509 	 2297 	 5049 	 758518109 
1510 	 2298 	 88 	 13357700 
1511 	 2299 	 63 	 9677638 
1512 	 2300 	 91 	 13816982 
1513 	 2301 	 216 	 32664932 
1514 	 2302 	 330 	 49788416 
1515 	 2304 	 860 	 128996164 
1516 	 2305 	 2668 	 400880511 
1517 	 2306 	 5245 	 786523149 
1518 	 2312 	 4679 	 702046609 
1519 	 2308 	 4737 	 711558533 
1520 	 2309 	 4821 	 691529885 
1521 	 2310 	 720 	 108302327 
1522 	 2350 	 486 	 73090592 
1523 	 2349 	 2714 	 407758224 
1524 	 2315 	 965 	 145071029 
1525 	 2316 	 3039 	 456514521 
1526 	 2317 	 2970 	 446239840 
1527 	 2318 	 335 	 50530782 
1528 	 2319 	 1210 	 181680866 
1529 	 2320 	 489 	 73607634 
1530 	 2321 	 310 	 46686104 
1531 	 2322 	 2283 	 343100302 
1532 	 2323 	 5169 	 776464858 
1533 	 2324 	 5425 	 814923370 
1534 	 2327 	 481 	 72377106 
1535 	 2326 	 761 	 114273058 
1536 	 2328 	 582 	 87562352 
1537 	 2330 	 844 	 126832572 
1538 	 2331 	 399 	 60126638 
1539 	 2332 	 197 	 29666618 
1540 	 2333 	 593 	 89185738 
1541 	 2334 	 1363 	 204870350 
1542 	 2335 	 3785 	 568233164 
1543 	 2336 	 3754 	 563911816 
1544 	 2337 	 1267 	 190450574 
1545 	 2338 	 434 	 65326088 
1546 	 2339 	 256 	 38655844 
1547 	 2340 	 2908 	 436944396 
1548 	 2341 	 2477 	 372237378 
1549 	 2342 	 1112 	 167165756 
1550 	 2343 	 855 	 128453070 
1551 	 2344 	 663 	 99662614 
1552 	 2345 	 809 	 121682218 
1553 	 2346 	 308 	 46382804 
1554 	 2347 	 2278 	 342204842 
1555 	 2348 	 2606 	 391613952 
1556 	 2452 	 868 	 127907623 
1557 	 2401 	 4043 	 607321345 
1558 	 2402 	 4941 	 741871300 
1559 	 2445 	 731 	 109931489 
1560 	 2446 	 282 	 42506323 
1561 	 2447 	 378 	 56937651 
1562 	 2448 	 339 	 51070953 
1563 	 2449 	 129 	 19458381 
1564 	 2450 	 714 	 107421307 
1565 	 2451 	 1346 	 202285075 
1566 	 2453 	 121 	 17650253 
1567 	 2454 	 194 	 29117803 
1568 	 2455 	 551 	 81248249 
1569 	 2456 	 327 	 49170259 
1570 	 2457 	 565 	 84965525 
1571 	 2458 	 801 	 120388149 
1572 	 2459 	 1187 	 178413873 
1573 	 2460 	 832 	 125110959 
1574 	 2545 	 1300 	 195439135 
1575 	 2462 	 469 	 70551525 
1576 	 2463 	 544 	 81880511 
1577 	 2464 	 1290 	 193833107 
1578 	 2465 	 619 	 93232601 
1579 	 2466 	 948 	 142627271 
1580 	 2467 	 1998 	 300164515 
1581 	 2470 	 1494 	 224512675 
1582 	 2471 	 1285 	 193096517 
1583 	 2472 	 1205 	 181276421 
1584 	 2473 	 818 	 123005187 
1585 	 2474 	 801 	 120399701 
1586 	 2475 	 1201 	 179722557 
1587 	 2476 	 663 	 99581715 
1588 	 2477 	 1311 	 196975881 
1589 	 2548 	 1007 	 151408561 
1590 	 2480 	 311 	 46899841 
1591 	 2482 	 405 	 60993213 
1592 	 2483 	 614 	 92345835 
1593 	 2484 	 1343 	 201822905 
1594 	 2605 	 26 	 4278851 
1595 	 2552 	 809 	 121630229 
1596 	 2551 	 156 	 23522607 
1597 	 2553 	 101 	 14802085 
1598 	 2554 	 58 	 8204603 
1599 	 2555 	 141 	 20717909 
1600 	 2556 	 106 	 15567555 
1601 	 2557 	 109 	 16416717 
1602 	 2558 	 61 	 9001781 
1603 	 2559 	 89 	 13397929 
1604 	 2577 	 1451 	 217398241 
1605 	 2571 	 303 	 37894817 
1606 	 2572 	 504 	 66131047 
1607 	 2573 	 610 	 81853611 
1608 	 2575 	 298 	 44921171 
1609 	 2576 	 663 	 99778129 
1610 	 2569 	 4560 	 685055823 
1611 	 2570 	 80 	 12135831 
1612 	 2580 	 709 	 105298477 
1613 	 2579 	 1733 	 260270397 
1614 	 2581 	 185 	 25943621 
1615 	 2582 	 1045 	 157032637 
1616 	 2583 	 320 	 48144839 
1617 	 2586 	 250 	 37679520 
1618 	 2585 	 3454 	 518873120 
1619 	 2587 	 614 	 92409376 
1620 	 2594 	 911 	 136486273 
1621 	 2589 	 912 	 136801095 
1622 	 2590 	 388 	 58459927 
1623 	 2591 	 628 	 94379407 
1624 	 2592 	 1535 	 230740433 
1625 	 2593 	 1001 	 150466893 
1626 	 2595 	 405 	 60961450 
1627 	 2596 	 2246 	 329563131 
1628 	 2597 	 944 	 141945583 
1629 	 2598 	 5829 	 875621029 
1630 	 2599 	 1059 	 159086425 
1631 	 2600 	 1280 	 192354151 
1632 	 2601 	 710 	 106739619 
1633 	 2602 	 344 	 51362791 
1634 	 2603 	 367 	 52986537 
1635 	 2604 	 163 	 24709785 
1636 	 2606 	 20 	 1818095 
1637 	 2607 	 1378 	 207204299 
1638 	 2608 	 932 	 140154663 
1639 	 2609 	 1019 	 153306337 
1640 	 2610 	 900 	 120853199 
1641 	 2611 	 767 	 114406081 
1642 	 2612 	 390 	 36632483 
1643 	 2613 	 882 	 126267659 
1644 	 2614 	 608 	 90300951 
1645 	 2615 	 721 	 104764557 
1646 	 2616 	 1138 	 170603251 
1647 	 2617 	 3183 	 478207721 
1648 	 2618 	 1238 	 185545875 
1649 	 2709 	 6380 	 958367207 
1650 	 2620 	 612 	 84103423 
1651 	 2621 	 366 	 55152477 
1652 	 2624 	 1255 	 184220798 
1653 	 2625 	 829 	 92366725 
1654 	 2626 	 394 	 59023267 
1655 	 2627 	 2692 	 404410367 
1656 	 2628 	 3913 	 587505765 
1657 	 2640 	 1215 	 142565969 
1658 	 2642 	 1318 	 197773179 
1659 	 2647 	 599 	 89844377 
1660 	 2648 	 331 	 49155969 
1661 	 2649 	 264 	 38508791 
1662 	 2652 	 2819 	 422478617 
1663 	 2654 	 624 	 92117983 
1664 	 2655 	 903 	 133543161 
1665 	 2656 	 4388 	 637690351 
1666 	 2657 	 1318 	 108360699 
1667 	 2658 	 440 	 66207103 
1668 	 2659 	 2814 	 422787483 
1669 	 2660 	 1038 	 156030291 
1670 	 2661 	 2015 	 302712241 
1671 	 2662 	 990 	 148886827 
1672 	 2663 	 1387 	 208463737 
1673 	 2664 	 1194 	 179514411 
1674 	 2665 	 1667 	 250512753 
1675 	 2670 	 1531 	 230148273 
1676 	 2671 	 3937 	 591448605 
1677 	 2672 	 2919 	 438599545 
1678 	 2674 	 1056 	 158667545 
1679 	 2673 	 2334 	 350697267 
1680 	 2675 	 2260 	 339495383 
1681 	 2676 	 1001 	 150533317 
1682 	 2679 	 8035 	 1206955249 
1683 	 2678 	 134 	 20189195 
1684 	 2681 	 1087 	 163335513 
1685 	 2708 	 688 	 102877703 
1686 	 2710 	 6266 	 941261051 
1687 	 2711 	 6493 	 975424237 
1688 	 2712 	 6337 	 951859253 
1689 	 2713 	 6291 	 944990209 
1690 	 2718 	 887 	 123813009 
1691 	 2717 	 5165 	 775973773 
1692 	 2845 	 29 	 4385797 
1693 	 2726 	 6245 	 938124053 
1694 	 2727 	 6716 	 1008758447 
1695 	 2728 	 6738 	 1012158283 
1696 	 2729 	 6612 	 993183231 
1697 	 2730 	 295 	 44347203 
1698 	 2731 	 1106 	 166285565 
1699 	 2732 	 1154 	 173377045 
1700 	 2733 	 1402 	 210480845 
1701 	 2734 	 1154 	 173073805 
1702 	 2736 	 455 	 68535281 
1703 	 2737 	 486 	 73102139 
1704 	 2738 	 1243 	 186796529 
1705 	 2739 	 646 	 97091749 
1706 	 2740 	 136 	 20490411 
1707 	 2741 	 305 	 45765511 
1708 	 2742 	 170 	 25632101 
1709 	 2743 	 1651 	 248110291 
1710 	 2744 	 750 	 112797789 
1711 	 2745 	 679 	 102072515 
1712 	 2746 	 1155 	 173437723 
1713 	 2747 	 603 	 90697291 
1714 	 2748 	 738 	 110137581 
1715 	 2749 	 2778 	 411154373 
1716 	 2750 	 3279 	 454189051 
1717 	 2751 	 997 	 147412103 
1718 	 2752 	 918 	 138043949 
1719 	 2753 	 1047 	 157388755 
1720 	 2754 	 948 	 142480817 
1721 	 2755 	 595 	 88923819 
1722 	 2756 	 651 	 97543291 
1723 	 2757 	 746 	 112185413 
1724 	 2758 	 1527 	 224667563 
1725 	 2759 	 1406 	 210273029 
1726 	 2760 	 836 	 125779041 
1727 	 2761 	 3393 	 509699831 
1728 	 2762 	 1558 	 234102760 
1729 	 2765 	 396 	 58350423 
1730 	 2766 	 2889 	 429516719 
1731 	 2767 	 901 	 135463621 
1732 	 2768 	 124 	 18791937 
1733 	 2769 	 593 	 89235663 
1734 	 2770 	 238 	 35802789 
1735 	 2771 	 326 	 49070013 
1736 	 2772 	 394 	 59364885 
1737 	 2774 	 7104 	 1032386097 
1738 	 2775 	 3990 	 587107477 
1739 	 2776 	 6893 	 1032899607 
1740 	 2777 	 4622 	 679037037 
1741 	 2778 	 6966 	 1041076891 
1742 	 2779 	 6976 	 1038825355 
1743 	 2780 	 326 	 48914061 
1744 	 2781 	 4382 	 647365805 
1745 	 2784 	 6839 	 1027294433 
1746 	 2783 	 4400 	 656847649 
1747 	 2785 	 3715 	 547836867 
1748 	 2786 	 4698 	 705294125 
1749 	 2787 	 7507 	 1121833771 
1750 	 2788 	 3981 	 581784623 
1751 	 2789 	 768 	 115154937 
1752 	 2790 	 7562 	 1109020531 
1753 	 2791 	 6160 	 917902615 
1754 	 2792 	 3709 	 543656917 
1755 	 2794 	 6099 	 884588539 
1756 	 2795 	 4374 	 657008597 
1757 	 2796 	 3593 	 539784351 
1758 	 2801 	 4174 	 627050320 
1759 	 2800 	 1902 	 284731885 
1760 	 2799 	 2885 	 433366303 
1761 	 2802 	 3013 	 452698698 
1762 	 2803 	 2951 	 443307945 
1763 	 2804 	 1267 	 190387033 
1764 	 2805 	 4156 	 623945175 
1765 	 2806 	 2247 	 337557145 
1766 	 2807 	 3383 	 507942793 
1767 	 2808 	 5110 	 767553603 
1768 	 2809 	 438 	 65935571 
1769 	 2810 	 1208 	 181524879 
1770 	 2846 	 37 	 5578781 
1771 	 2847 	 144 	 21572817 
1772 	 2829 	 481 	 72299125 
1773 	 2835 	 2095 	 314659379 
1774 	 2848 	 131 	 19755905 
1775 	 2841 	 1877 	 282004029 
1776 	 2843 	 2948 	 442941079 
1777 	 2867 	 48 	 7147295 
1778 	 2869 	 655 	 88667753 
1779 	 2890 	 7100 	 1066200740 
1780 	 2910 	 3591 	 539537977 
1781 	 2916 	 2582 	 387959907 
1782 	 2917 	 1395 	 209653833 
1783 	 2918 	 254 	 38343875 
1784 	 2938 	 117 	 17725221 
1785 	 2940 	 62 	 9489883 
1786 	 305 	 2263 	 339166246 
1787 	 308 	 1634 	 245082328 
1788 	 310 	 1396 	 209256153 
1789 	 61 	 3811 	 571994979 
1790 	 182 	 6077 	 912301127 
1791 	 313 	 4999 	 750095206 
1792 	 365 	 216 	 31929321 
1793 	 453 	 4551 	 674748281 
1794 	 969 	 1269 	 181376533 
1795 	 450 	 3416 	 512522097 
1796 	 974 	 972 	 144239495 
1797 	 1734 	 3085 	 463395951 
1798 	 1748 	 3096 	 465116695 
1799 	 1749 	 2990 	 447996339 
1800 	 1752 	 553 	 81892333 
1801 	 1754 	 565 	 80607533 
1802 	 1775 	 3426 	 513590123 
1803 	 1777 	 1004 	 148194127 
1804 	 1779 	 3038 	 455861803 
1805 	 1781 	 2835 	 424593113 
1806 	 1783 	 876 	 131240585 
1807 	 1785 	 1139 	 170759233 
1808 	 1787 	 687 	 102369355 
1809 	 1796 	 1350 	 202403573 
1810 	 1798 	 596 	 88296289 
1811 	 1800 	 3559 	 534084443 
1812 	 1922 	 2827 	 424324289 
1813 	 1923 	 347 	 51862505 
1814 	 2622 	 257 	 38846477 
1815 	 2773 	 612 	 91944343 
1816 	 2793 	 3387 	 495709345 
1817 	 2887 	 734 	 109264451 
1818 	 2914 	 333 	 50146613 
1819 	 2905 	 1295 	 194676553 
1820 	 2906 	 4804 	 721287327 
1821 	 2908 	 1631 	 245157321 
1822 	 2915 	 3779 	 563213665 
1823 	 2923 	 810 	 121817979 
1824 	 2924 	 916 	 137526103 
1825 	 2927 	 1030 	 154860411 
1826 	 2929 	 1147 	 172402745 
1827 	 2931 	 1192 	 179182231 
1828 	 2932 	 779 	 117184697 
1829 	 2934 	 1338 	 201019891 
1830 	 2942 	 319 	 48000409 
1831 	 2944 	 298 	 45022251 
1832 	 2947 	 226 	 34097675 
1833 	 2950 	 1045 	 157090397 
1834 	 2951 	 1231 	 185037377 
1835 	 2953 	 1013 	 152217381 
1836 	 2956 	 846 	 127202291 
1837 	 2958 	 4100 	 615940847 
1838 	 2960 	 1444 	 216788663 
1839 	 2961 	 1660 	 249461311 
1840 	 2962 	 4405 	 661719021 
1841 	 970 	 1269 	 181523821 
1842 	 2899 	 1073 	 161218189 
1843 	 2888 	 734 	 109241347 
1844 	 2886 	 734 	 109264451 
1845 	 2900 	 2065 	 307767711 
1846 	 2881 	 734 	 109270227 
1847 	 2896 	 499 	 74731361 
1848 	 2895 	 506 	 75987851 
Tengo: 1849(1859) archivos
